3.818187455624094673e-02 3.428557553884237219e-02 3.296802788140100471e-02 3.107021863501505110e-02 2.904788749193892156e-02 -1.000000000000000000e+03 7.697062406253009706e-03 5.870081999041593460e-03 4.632342591650323582e-03 4.234078789660470320e-03 6.467843016346366998e-03
3.428601675439365420e-02 3.075052422200562005e-02 2.940480505544157061e-02 2.746437973968524071e-02 2.480237610055120029e-02 -1.000000000000000000e+03 7.710594953487290293e-03 5.546059463029928520e-03 4.122756079413590277e-03 3.224965353481972635e-03 3.198845988043872487e-03
3.297250309542081037e-02 2.940543024114053092e-02 2.792634172270897636e-02 2.574435591213455887e-02 2.267742449702667834e-02 1.565187858052789066e-02 8.638380880833594622e-03 5.733928848383368880e-03 3.953549216931526340e-03 2.908920949512526499e-03 2.594790313702239996e-03
3.106375699968414936e-02 2.745119636243434011e-02 2.573098721182622353e-02 2.429214384607103830e-02 2.223024160775357444e-02 -1.000000000000000000e+03 7.215485435086734650e-03 4.981092543372876540e-03 3.507052976562536652e-03 2.610843173286614069e-03 2.341891542378169745e-03
2.902792077269800500e-02 2.476480299258965179e-02 2.262627187165770423e-02 2.220563066069430186e-02 2.104045225372298822e-02 -1.000000000000000000e+03 5.927385525485172162e-03 4.159595731713331725e-03 2.900047682704427494e-03 2.271296266832796215e-03 2.107655908431470618e-03
-1.000000000000000000e+03 -1.000000000000000000e+03 1.551088788603741109e-02 -1.000000000000000000e+03 -1.000000000000000000e+03 -1.000000000000000000e+03 -1.000000000000000000e+03 -1.000000000000000000e+03 1.780961850182868726e-03 -1.000000000000000000e+03 -1.000000000000000000e+03
7.329849409707850372e-03 7.432029240449102188e-03 8.442868919752119158e-03 7.043588853975345232e-03 5.753014071294445045e-03 -1.000000000000000000e+03 1.293615864551826092e-03 9.932892123328184927e-04 9.113545802181842242e-04 6.418651740983196720e-04 5.096388113768815639e-04
5.680581585331801776e-03 5.403067930973430404e-03 5.634098520726518906e-03 4.883034361765979658e-03 4.073326765324903655e-03 -1.000000000000000000e+03 9.942846978621589123e-04 7.278450288184147446e-04 6.003313401861476526e-04 4.354830484542785850e-04 3.741549760477822254e-04
5.086668797242829831e-03 4.446593522763180387e-03 4.144752711604650017e-03 3.579722466057981729e-03 2.909895537386793934e-03 1.766147526692537703e-03 9.026245846489792772e-04 5.952966290058859383e-04 4.274552059567450729e-04 3.120934539805500876e-04 2.730849845037179591e-04
6.733046619802219440e-03 4.759550692635573441e-03 3.654571527288617838e-03 2.926145009461182060e-03 2.385744089393747585e-03 -1.000000000000000000e+03 6.370617614663507669e-04 4.301766821781445355e-04 3.118826585763111408e-04 2.286957790983009341e-04 2.013774085610762804e-04
1.622527536490732045e-02 7.856518151465138877e-03 4.337065388172713781e-03 2.949845009960610880e-03 2.318655608928865859e-03 -1.000000000000000000e+03 5.054125341132109130e-04 3.681749847614181645e-04 2.702667535031178284e-04 2.003027576335110168e-04 1.771514295475714337e-04
